120000000 4168 9.19131223021957E-5 1
120000000 4126 1.5499244490130503E-7 1
120000000 4132 5.7501538272496085E-5 1
120000000 4270 1.012289916378147E-4 1
120000000 4082 2.4020969740701026E-6 1
120000000 4100 3.632332051171454E-5 1
120000000 4091 8.12179101263955E-5 1
120000000 4094 6.720501096583567E-6 1
120000000 4225 4.778810790930297E-6 1
120000000 4104 8.742095203439719E-7 1
120000000 2218 7.316238467269417E-5 2
120000000 2208 2.6802508753064275E-6 2
120000000 2200 1.3330736399686228E-5 2
120000000 2220 4.1195747103557114E-5 2
120000000 2117 7.273797149119782E-5 2
120000000 2244 2.6965009857960046E-5 2
120000000 2175 1.0073365231125682E-5 2
120000000 2199 3.924344646833463E-5 2
120000000 2183 4.819856459958984E-5 2
120000000 2273 1.5868890492945463E-5 2
120000000 1530 3.9400316078022515E-5 3
120000000 1537 3.359875115320332E-5 3
120000000 1492 1.3516743496863969E-6 3
120000000 1481 2.7400033368884257E-5 3
120000000 1560 2.9025699121876856E-5 3
120000000 1496 3.6776218521267773E-6 3
120000000 1520 6.383255884643112E-6 3
120000000 1568 7.416204098265806E-5 3
120000000 1577 6.613834651766437E-5 3
120000000 1517 2.338932880302986E-5 3
120000000 1202 1.0338623469507895E-5 4
120000000 1170 3.8277906480221926E-5 4
120000000 1192 2.9397060655668496E-5 4
120000000 1165 2.9015088792307643E-5 4
120000000 1179 1.295267405196076E-4 4
120000000 1186 1.5060220114662E-5 4
120000000 1182 1.0340908802792794E-5 4
120000000 1213 4.1034306827158076E-5 4
120000000 1236 3.6113399254180584E-5 4
120000000 1186 2.465195801823242E-5 4
120000000 838 1.0988473520869516E-4 6
120000000 834 2.087696603547885E-5 6
120000000 821 7.82871738402062E-5 6
120000000 806 4.0463634365401695E-5 6
120000000 841 3.7150926215851535E-5 6
120000000 808 3.621950254959001E-5 6
120000000 851 4.4463728601828235E-5 6
120000000 839 4.64880162104676E-5 6
120000000 824 1.140144387328131E-4 6
120000000 837 1.0070908549033678E-4 6
120000000 780 6.531800498188039E-6 12
120000000 719 2.411311654518368E-5 12
120000000 699 3.7673117696473E-5 12
120000000 688 5.788351013585694E-5 12
120000000 761 5.301565421058416E-5 12
120000000 678 3.783227263958714E-5 12
120000000 812 3.42436959219442E-5 12
120000000 787 1.0084473444116895E-4 12
120000000 705 1.0568704557400833E-6 12
120000000 695 5.470767544093762E-6 12
