1200000000 40817 2.2759075228399638E-5 1
1200000000 40699 3.872688648207291E-6 1
1200000000 41000 1.336909685342164E-5 1
1200000000 40659 8.8202853124506E-6 1
1200000000 40856 1.8384599626681748E-5 1
1200000000 41545 2.504772331014634E-5 1
1200000000 41016 2.701381737378053E-5 1
1200000000 40656 3.802823740591161E-6 1
1200000000 40698 6.225161974429349E-6 1
1200000000 40667 1.152926571129357E-5 1
1200000000 21368 1.7468928187431266E-5 2
1200000000 21164 1.5529359947578752E-5 2
1200000000 21188 1.7181224989526105E-5 2
1200000000 21698 9.756116377797777E-6 2
1200000000 21047 2.072629935613317E-5 2
1200000000 21013 1.556527180068648E-5 2
1200000000 21930 1.8908423575620625E-6 2
1200000000 21388 1.0131722043615004E-5 2
1200000000 21502 2.4326384168761558E-5 2
1200000000 21455 4.4838436296412E-6 2
1200000000 14536 1.1329628248501902E-5 3
1200000000 15258 1.9531169709469009E-7 3
1200000000 14802 7.817772438329786E-6 3
1200000000 14791 3.459595886253952E-5 3
1200000000 15171 8.446964980059631E-6 3
1200000000 15045 3.8408576596410055E-6 3
1200000000 14712 1.2171190648393386E-5 3
1200000000 14724 4.770322527303198E-6 3
1200000000 14933 5.779364866451782E-6 3
1200000000 14746 3.32942346955281E-5 3
1200000000 11387 4.028750289503335E-5 4
1200000000 11523 1.5677741293780895E-5 4
1200000000 12458 1.788273103949976E-5 4
1200000000 11788 5.339036190601607E-6 4
1200000000 11618 1.9272520941766037E-5 4
1200000000 11473 6.348241797092976E-6 4
1200000000 11610 1.1012705724749127E-6 4
1200000000 11387 6.6071338379315605E-6 4
1200000000 11361 2.411948274272731E-5 4
1200000000 11580 5.447424819295934E-6 4
1200000000 8067 3.2288049126495027E-6 6
1200000000 8063 5.521697125997719E-6 6
1200000000 8029 4.020335496194624E-6 6
1200000000 7998 1.2690770465589388E-6 6
1200000000 8050 1.0060632835614354E-5 6
1200000000 8098 4.867039793527932E-6 6
1200000000 8012 2.899068503432672E-5 6
1200000000 8078 2.376811756768958E-5 6
1200000000 8038 4.105381195546118E-7 6
1200000000 8039 4.673768528421248E-6 6
1200000000 6719 1.9757576269177966E-5 12
1200000000 6541 2.4433385229869937E-5 12
1200000000 6492 9.830551952125063E-6 12
1200000000 6469 1.1584439424940399E-5 12
1200000000 6599 1.9345895482910228E-5 12
1200000000 6720 3.666089225834057E-5 12
1200000000 6875 1.7355397661295114E-5 12
1200000000 6912 1.6871240303703068E-6 12
1200000000 6691 1.0932801923687604E-5 12
1200000000 6850 5.6255150881222475E-6 12
