12000000 415 3.5434338163729874E-5 1
12000000 432 7.044842564389352E-5 1
12000000 429 3.4267201914367525E-5 1
12000000 428 2.1967544644854514E-5 1
12000000 424 3.3638907138195275E-5 1
12000000 423 2.1305957965051732E-4 1
12000000 416 1.5459666388812138E-4 1
12000000 453 6.726532678203475E-5 1
12000000 426 2.693921045087231E-4 1
12000000 448 4.243715565976261E-5 1
12000000 251 6.769806495981543E-5 2
12000000 220 2.6105573165256767E-5 2
12000000 229 3.345478528773492E-4 2
12000000 216 6.143797053164869E-5 2
12000000 229 4.545506799685904E-4 2
12000000 233 2.4824008624200676E-5 2
12000000 233 1.9437707466471815E-4 2
12000000 227 2.9326534597259315E-4 2
12000000 232 4.562857951776432E-5 2
12000000 229 8.594783176769257E-5 2
12000000 150 8.042213541096616E-5 3
12000000 160 2.822763907302125E-5 3
12000000 165 4.8599471788804225E-5 3
12000000 162 1.124278681377293E-5 3
12000000 166 1.5268680457089303E-4 3
12000000 165 4.37187202008187E-5 3
12000000 179 1.9353657329800977E-4 3
12000000 179 7.077506052626476E-5 3
12000000 165 1.3804454980651237E-4 3
12000000 163 5.3798533263300754E-5 3
12000000 148 1.9204280216613483E-4 4
12000000 129 1.1957425141153205E-4 4
12000000 133 6.853856632680654E-5 4
12000000 129 1.41855943444402E-4 4
12000000 132 1.1999866459316976E-4 4
12000000 125 2.1210464999197383E-4 4
12000000 144 2.6946074532106516E-5 4
12000000 129 2.1861441349445088E-5 4
12000000 132 1.7192896351995697E-5 4
12000000 127 1.3071509742796703E-4 4
12000000 96 2.5036215214878175E-5 6
12000000 117 5.73374044947379E-6 6
12000000 99 1.0048398323680516E-4 6
12000000 101 1.8462389648474868E-4 6
12000000 99 1.1357215105325314E-5 6
12000000 101 1.362407937848348E-4 6
12000000 101 8.908514314906876E-6 6
12000000 110 8.02099288201473E-5 6
12000000 103 2.4871028690313755E-4 6
12000000 96 1.0450758346551368E-4 6
12000000 100 1.543761323010182E-4 12
12000000 92 1.0429537687469481E-4 12
12000000 99 1.0960886664074373E-4 12
12000000 93 1.0303046232620736E-4 12
12000000 122 7.363152450561093E-5 12
12000000 131 2.0085770068012943E-4 12
12000000 131 1.0194079719659114E-7 12
12000000 92 5.336579508537873E-5 12
12000000 93 1.2848692822465177E-4 12
12000000 109 3.660979940923518E-5 12
