12000000 1320 1.4738163980126977E-4 1
12000000 1229 9.305675255913472E-5 1
12000000 1339 2.759101930070604E-5 1
12000000 1325 4.584078610858318E-5 1
12000000 1280 1.3910558276046528E-4 1
12000000 1288 3.310381191329778E-4 1
12000000 1300 7.405593768724863E-5 1
12000000 1287 6.503715757871949E-5 1
12000000 1290 1.4174984014899257E-4 1
12000000 1303 1.579919693406576E-4 1
12000000 1311 2.3665197371122644E-5 2
12000000 1358 9.039584517803879E-5 2
12000000 1329 1.9990277102158592E-4 2
12000000 1347 1.028785715508808E-5 2
12000000 1443 2.6176099223665947E-4 2
12000000 1312 2.2526145862090523E-4 2
12000000 1300 2.1539385214910066E-4 2
12000000 1306 6.30295199625074E-5 2
12000000 1287 7.576191540994244E-5 2
12000000 1370 1.6648023297228097E-4 2
12000000 1335 1.8563914195892583E-5 3
12000000 1516 1.8563914195892583E-5 3
12000000 1303 1.5840805752601102E-4 3
12000000 1370 1.3188223367732938E-4 3
12000000 1295 6.292341666709797E-5 3
12000000 1379 4.966050474275715E-5 3
12000000 1292 3.0561911571745945E-5 3
12000000 1338 2.0149432045244461E-4 3
12000000 1500 2.07330001699115E-4 3
12000000 1432 9.995346675989938E-5 3
12000000 1311 1.1310195039254645E-4 4
12000000 1437 5.676110053791499E-5 4
12000000 1928 9.022942606741978E-6 4
12000000 1454 2.199479688548563E-4 4
12000000 1465 8.064266699806933E-5 4
12000000 1469 7.597412200061994E-5 4
12000000 2100 2.0520793579135053E-4 4
12000000 1525 6.468138520914111E-6 4
12000000 1322 1.3411872787692897E-4 4
12000000 1553 5.93762204400833E-6 4
12000000 1260 4.295019772592151E-4 6
12000000 1906 3.180935170948653E-4 6
12000000 2107 2.2504925203008637E-4 6
12000000 3681 1.5320899605165584E-4 6
12000000 2159 1.4037882230523706E-4 6
12000000 3427 1.2881356310716436E-4 6
12000000 1876 2.4195713848169782E-5 6
12000000 1899 1.3496755424006302E-4 6
12000000 2028 2.3554515327792183E-4 6
12000000 1593 2.408128555647604E-5 6
12000000 4796 2.1082308545091773E-4 8
12000000 1544 3.809524554482581E-5 8
12000000 5007 1.2456943129135267E-4 8
12000000 5004 1.7029162661017064E-4 8
12000000 4460 8.031603211555672E-5 8
12000000 1621 2.770398667733554E-4 8
12000000 1860 5.32596917899693E-5 8
12000000 2807 1.4292530139463924E-4 8
12000000 1880 4.042119304726619E-5 8
12000000 3701 2.510362344054366E-4 8
12000000 5084 1.919450238670097E-4 10
12000000 5424 4.8272836906432984E-5 10
12000000 5190 6.149828634685828E-6 10
12000000 4734 2.2922474303398008E-5 10
12000000 4888 2.717263770074478E-4 10
12000000 4741 1.5066251696225366E-4 10
12000000 5188 2.5566731691925313E-5 10
12000000 4735 2.3550769079428902E-5 10
12000000 5055 1.2842661240915947E-5 10
12000000 2787 1.8907190989509492E-4 10
12000000 1286 1.032426689170262E-4 12
12000000 5121 1.2976016776942355E-4 12
12000000 5591 3.491214668296705E-5 12
12000000 1945 7.194219677562711E-5 12
12000000 5053 7.437424757347691E-5 12
12000000 5026 8.149149336120338E-5 12
12000000 5417 9.007753529195186E-5 12
12000000 5224 1.2583434583984015E-4 12
12000000 4847 1.3251885344978595E-4 12
12000000 5377 2.1216496580845564E-5 12
