120000000 13435 3.990961189607258E-5 1	
120000000 13208 7.645158682996235E-5 1	
120000000 14350 2.617984547195855E-5 2	
120000000 15308 4.003693585047908E-5 2	
120000000 14914 1.025039467173798E-6 3	
120000000 14124 1.1996120211066782E-5 3	
120000000 14244 4.6445574892332103E-5 4	
120000000 13619 1.4415275346062475E-5 4	
120000000 19742 5.9750928134808425E-5 6	
120000000 16734 3.828623147650624E-5 6	
120000000 33639 6.4150868732093975E-6 8	
120000000 14133 3.869170933229042E-5 8	
120000000 23725 3.877430663527652E-5 8	
120000000 52910 5.574585506359648E-6 12	
120000000 51151 1.1317622269924825E-4 12	