12000000 438 1.6042402013850742E-4 1
12000000 407 2.19592196485702E-5 1
12000000 438 2.748491600529661E-5 1
12000000 421 4.870557508421366E-5 1
12000000 422 1.4991979389438766E-4 1
12000000 421 2.3559094075713215E-5 1
12000000 441 2.846793040418447E-4 1
12000000 423 2.2016017544567517E-4 1
12000000 428 9.146520312827602E-5 1
12000000 424 1.1311027538883078E-4 1
12000000 234 4.116391611499083E-5 2
12000000 218 1.2540993265834378E-4 2
12000000 225 1.0854783368679082E-4 2
12000000 225 1.8345676023538633E-4 2
12000000 296 8.254420131887199E-5 2
12000000 274 1.8784445782995755E-5 2
12000000 281 1.4482683571544192E-4 2
12000000 235 1.8811698023655143E-4 2
12000000 222 1.279647367440303E-4 2
12000000 222 1.2540993265834378E-4 2
12000000 188 2.7628481784338855E-6 3
12000000 156 9.846802062430875E-5 3
12000000 199 9.304842756285041E-5 3
12000000 152 1.941274055902665E-5 3
12000000 172 1.3124561390501417E-4 3
12000000 164 1.4638092266309188E-5 3
12000000 181 7.374595279744602E-5 3
12000000 155 1.1597506436446126E-4 3
12000000 180 2.3384349967961744E-6 3
12000000 170 2.567283498733474E-5 3
12000000 171 2.430181714343785E-5 4
12000000 125 1.790982001278809E-4 4
12000000 140 3.7458625772369245E-5 4
12000000 140 4.700792235794553E-5 4
12000000 156 7.113083289513635E-6 4
12000000 132 1.662597013851778E-4 4
12000000 143 2.4930111919610105E-5 4
12000000 145 1.8153857592201504E-4 4
12000000 151 6.525768916582266E-5 4
12000000 133 2.0266145670180696E-4 4
12000000 140 5.415430563386864E-6 6
12000000 110 2.1640909762341917E-5 6
12000000 109 1.5495243625868926E-5 6
12000000 109 7.141168029872133E-5 6
12000000 111 5.08276409921195E-5 6
12000000 106 4.626519929022089E-5 6
12000000 107 1.6075065502087866E-4 6
12000000 116 5.252529371852898E-5 6
12000000 116 1.5486918629443253E-5 6
12000000 106 2.0049360331483215E-5 6
12000000 140 3.5024281559939847E-4 8
12000000 110 5.0925419291244605E-5 8
12000000 91 9.27384426730478E-5 8
12000000 97 3.186323585680554E-4 8
12000000 97 1.0143891289534866E-4 8
12000000 111 5.952811121456171E-5 8
12000000 95 4.338522123704362E-4 8
12000000 104 1.6488035854513798E-4 8
12000000 98 1.0939666004992488E-4 8
12000000 95 1.6605581979064327E-4 8
12000000 187 3.010108865363505E-4 10
12000000 124 4.6681287475574286E-5 10
12000000 125 5.8148768374380506E-5 10
12000000 109 5.5700067584103426E-5 10
12000000 125 1.6329713411042222E-4 10
12000000 109 4.460500904702014E-6 10
12000000 125 1.989395163667581E-4 10
12000000 109 7.735346484080113E-5 10
12000000 109 1.071227033672579E-5 10
12000000 109 1.039770669886079E-4 10
